Frame 0 player tracker IDs: [13, 3, 7, 12, 1, 9, 21, 22, 17, 16, 18, 19, 8, 11, 6, 2, 14, 5, 4, 10]
Frame 1 player tracker IDs: [13, 3, 7, 12, 1, 9, None, 25, 17, None, 27, 19, 8, 11, 6, 2, 14, 5, 4, 10]
Frame 2 player tracker IDs: [13, 3, 7, 12, 1, 9, 28, 25, 17, 31, 27, 19, 8, 11, 6, 2, 14, 5, 4, 10]
Frame 3 player tracker IDs: [13, 3, 7, 12, 1, 9, 28, 25, 17, 35, 27, None, 8, 11, 6, 2, 36, 5, 4, 10]
Frame 4 player tracker IDs: [13, 3, 7, 12, 1, 9, 28, 25, 17, 35, 27, 37, 8, 11, 6, 2, 36, 5, 4, 10]
Frame 5 player tracker IDs: [13, 3, 7, 12, 1, 9, 28, 25, 37, 35, 27, None, 8, 11, 6, 2, 36, 5, 4, 10]
Frame 6 player tracker IDs: [13, 3, 7, 12, 1, 9, 28, 25, 37, 35, 27, 42, 8, 11, 6, 2, 36, 5, 4, 10]
Frame 7 player tracker IDs: [13, 3, 7, 12, 1, 9, 28, 25, 37, 35, 27, 42, 8, 11, 6, 2, 36, 5, 4, 10]
Frame 8 player tracker IDs: [49, 3, 7, 12, 1, 9, 28, 25, 37, 35, 27, 42, 8, 11, 6, 2, 36, 5, 4, 10]
Frame 9 player tracker IDs: [13, 3, 7, 12, 1, 9, 28, 25, 37, 35, 46, 42, 8, 11, 6, 2, 36, 5, 4, 10]
Frame 10 player tracker IDs: [13, 3, 7, 12, 1, 9, 28, 25, 37, 35, 46, 42, 8, 11, 6, 2, 36, 5, 4, 10]
Frame 11 player tracker IDs: [13, 3, None, 12, 1, 9, 28, 25, 37, 35, 36, 42, 8, 11, 6, 2, 46, 5, 4, 10]
Frame 12 player tracker IDs: [13, 3, None, 12, 1, 9, 28, 25, None, 35, 36, 42, 8, 11, 6, 2, 46, 5, 4, 10]
Frame 13 player tracker IDs: [13, 3, None, 12, 1, 9, 28, 35, None, 65, 36, 42, 8, 11, 6, 2, 46, 5, 4, 10]
Frame 14 player tracker IDs: [13, 63, None, 12, 1, 9, 28, 25, None, 35, 36, 42, 8, 11, 64, 61, 46, 5, 4, 10]
Frame 15 player tracker IDs: [13, 63, None, 12, 1, 9, 28, 25, None, 35, 36, 42, 8, 11, 6, 61, 46, 5, 4, 10]
Frame 16 player tracker IDs: [13, 63, None, 12, 1, 9, 28, 73, None, 35, 36, 42, 8, 11, 64, 61, 46, 5, 4, 10]
Frame 17 player tracker IDs: [13, 63, None, 12, 1, 9, 28, 74, None, 76, 36, 42, 8, 11, 75, 61, 46, 5, 4, 10]
Frame 18 player tracker IDs: [13, 63, None, 69, 1, 9, 28, 93, 81, 35, 36, 42, 87, 86, 75, 61, 46, 5, 4, 10]
Frame 19 player tracker IDs: [13, 63, None, None, 1, 9, 28, 91, 92, 35, 36, 42, 87, 86, 75, 61, 46, 5, 4, 10]
Frame 20 player tracker IDs: [13, 63, None, None, 1, 9, 28, 94, 96, 35, 36, 42, 87, 95, 75, 61, 46, 5, 4, 10]
Frame 21 player tracker IDs: [13, 63, None, None, 1, 9, 28, None, 103, 35, 36, 42, 97, 95, 75, 61, 46, 5, 4, 10]
Frame 22 player tracker IDs: [13, 63, None, None, 1, 9, 28, 110, 106, 35, 36, 42, 97, 95, 75, 61, 46, 5, 4, 10]
Frame 23 player tracker IDs: [13, 63, None, None, 1, 9, 28, 122, 106, 35, 36, 42, 97, 95, 75, 61, 46, 5, 4, 10]
Frame 24 player tracker IDs: [13, 63, None, None, 1, 9, 28, 122, 106, 35, 36, 42, 97, 95, 75, 61, 46, 5, 4, 10]
Frame 25 player tracker IDs: [13, 63, None, None, 1, 9, 28, 122, 106, 35, 36, 42, None, None, 75, 61, 46, 5, 4, 10]
Frame 26 player tracker IDs: [13, 63, None, None, 1, 9, 28, 122, 106, 35, 36, 42, 127, 130, 75, 61, 46, 5, 4, 10]
Frame 27 player tracker IDs: [None, 63, None, None, 1, 9, 28, 122, 106, 35, 36, 42, 127, 130, 75, 61, 46, 5, 4, 10]
Frame 28 player tracker IDs: [139, 63, None, 135, 1, 9, 28, 122, 106, 35, 36, 42, 127, 130, 75, 61, 46, 5, 4, 10]
Frame 29 player tracker IDs: [139, 63, None, 135, 1, 9, 28, 122, 106, 35, 36, 42, 127, 130, 146, 61, 141, 5, 4, 10]
Frame 30 player tracker IDs: [139, 63, None, 135, 1, 9, 28, 122, 106, 35, 36, 42, 127, 130, 146, 61, 141, 5, 4, 10]
Frame 31 player tracker IDs: [139, 63, None, 135, 1, 9, 28, 153, 106, 35, 36, 42, 127, 130, 146, 61, 141, 5, 4, 10]
Frame 32 player tracker IDs: [139, 63, None, 135, 1, 9, 28, 122, 106, 35, 36, 42, 127, 157, 146, 61, 141, 5, 156, 148]
Frame 33 player tracker IDs: [139, 63, None, 135, 1, 9, 28, 122, 106, 35, None, 42, 127, 157, 146, 61, 141, 5, 4, 148]
Frame 34 player tracker IDs: [139, 63, 161, 135, 1, 9, 28, 153, 106, 35, 36, 42, 127, 157, 172, 164, 141, 5, 4, 148]
Frame 35 player tracker IDs: [139, 63, 161, 135, 1, 9, 28, 153, 106, 35, 36, 42, 127, 157, 172, 172, 141, 5, 4, 148]
Frame 36 player tracker IDs: [139, 63, 161, 135, 1, 9, 28, 122, 106, 35, 36, 42, 127, 157, 172, 172, 177, 5, 4, 148]
Frame 37 player tracker IDs: [139, 63, 161, 135, 1, 9, 28, 166, 106, 35, 36, 42, 127, 157, 172, 172, 177, 5, 4, 148]
Frame 38 player tracker IDs: [139, 63, 161, 135, 1, 9, 28, 166, 106, 35, 36, 42, 127, 157, 172, 172, 177, 5, 4, 148]
Frame 39 player tracker IDs: [139, 185, 161, 135, 1, 9, 28, 166, 106, 35, None, 42, 127, 157, 172, 172, 177, 5, 4, 148]
Frame 40 player tracker IDs: [139, 185, 161, 135, 1, 9, 28, 166, 106, 35, 36, 42, 127, 157, 172, 172, 177, 5, 4, 148]
Frame 41 player tracker IDs: [139, 185, 161, 135, 1, 9, 28, 166, 106, 35, 36, 42, 127, 157, 190, 164, 177, 5, 4, 148]	
Frame 42 player tracker IDs: [139, 185, 161, 135, 1, 9, 28, 166, 106, 35, 36, 42, 127, 157, 164, 190, 177, 5, 4, 148]
Frame 43 player tracker IDs: [139, 185, 161, 135, 1, 9, 28, 166, 106, 35, 36, 42, 127, 157, 164, 190, 177, 5, 4, 148]
Frame 44 player tracker IDs: [139, 185, 161, 135, 1, 9, 28, 166, 106, 35, 36, 42, 127, 157, 196, 164, 177, 5, 4, 148]
Frame 45 player tracker IDs: [208, 185, 161, 135, 1, 9, 28, 166, 106, 35, 36, 42, 127, 157, 211, 190, 177, 5, 4, 148]
Frame 46 player tracker IDs: [208, 185, 161, 193, 1, 9, 28, 166, 106, 35, 36, 42, 127, 157, 211, 190, 177, 5, 4, 148]
Frame 47 player tracker IDs: [208, 229, 161, 193, 1, 9, 28, 166, 106, 35, 36, 42, 127, 157, 220, 190, 177, 5, 4, 148]
Frame 48 player tracker IDs: [208, 229, 161, 193, 1, 9, 28, 166, 106, 35, 36, 42, 127, 157, 220, 190, 177, 5, 4, 148]
Frame 49 player tracker IDs: [208, 229, 161, 193, 1, 9, 28, 166, 106, 35, 36, 42, 127, 157, 220, 190, 177, 5, 4, 148]