Frame 0 player tracker IDs: [8, 1, 2, 10, 11, 7, 6, None, 16, 19, 20, 9, 12, 3, 14, 15, 17, 5, 13, 18]
Frame 1 player tracker IDs: [8, 1, 2, 10, 11, 7, 6, 22, 23, 19, 20, 9, 12, 3, 14, 15, 17, 5, 13, 18]
Frame 2 player tracker IDs: [8, 1, 2, 10, 11, 7, 6, 26, 23, 19, 20, 9, 12, 3, 14, 15, 17, 5, 13, 18]
Frame 3 player tracker IDs: [8, 1, 2, 10, 11, 7, 6, 22, 32, 19, 20, 9, 12, 3, 14, 15, 17, 5, 13, 18]
Frame 4 player tracker IDs: [8, 1, 2, 10, 11, 7, 6, 38, 32, 19, 20, 9, 12, 3, 14, 15, 17, 5, 13, 18]
Frame 5 player tracker IDs: [8, 1, 2, 10, 11, 7, 6, 26, None, 19, 20, 9, 12, 3, 14, 15, 17, 5, 13, 18]
Frame 6 player tracker IDs: [8, 1, 2, 10, 11, 7, 6, 26, 41, 23, 20, 9, 12, 3, 14, 15, 17, 5, 13, 18]
Frame 7 player tracker IDs: [8, 1, 2, 10, 11, 7, 6, 26, 41, 23, 20, 9, 12, 3, 14, 15, 17, 5, 13, 18]
Frame 8 player tracker IDs: [8, 1, 2, 10, 11, 7, 6, 26, 41, 19, 20, 9, 12, 3, 14, 15, 17, 5, 13, 18]
Frame 9 player tracker IDs: [8, 1, 2, 10, 11, 7, 6, 26, 41, 19, 20, 9, 12, 3, 14, 15, 17, 5, 13, 18]
Frame 10 player tracker IDs: [8, 1, None, 10, 11, 7, 6, 26, 41, 23, 20, 9, 12, 3, 14, 15, 17, 5, 13, 18]
Frame 11 player tracker IDs: [8, 1, None, 10, 11, 7, 6, 26, 41, 55, 20, 9, 12, 3, 14, 15, 17, 5, 13, 18]
Frame 12 player tracker IDs: [8, 1, None, 10, 11, 7, 6, 26, 41, 55, 20, 9, 12, 3, 14, 15, 17, 5, 13, 18]
Frame 13 player tracker IDs: [8, 1, None, 10, 11, 7, 6, None, 41, 55, 20, 9, 12, 3, 14, 15, 17, 5, 13, 18]
Frame 14 player tracker IDs: [8, 1, None, 10, 11, 7, 6, None, 41, 55, 20, 9, 12, 3, 14, 15, 17, 5, 13, 18]
Frame 15 player tracker IDs: [8, 1, None, 10, 11, 7, 6, None, 41, 55, 20, 9, 12, 3, 14, 15, 17, 5, 13, 18]
Frame 16 player tracker IDs: [8, 1, None, 10, 11, 7, 6, None, 41, 55, 74, 9, 12, 3, 14, 15, 17, 5, 13, 18]
Frame 17 player tracker IDs: [8, 1, None, 10, 11, 7, 6, None, 41, 55, 74, 77, 12, 3, 14, 15, 17, 5, 13, 18]
Frame 18 player tracker IDs: [8, 1, None, 10, 11, 7, 6, 79, 41, 55, 74, 77, 12, 3, 14, 15, 17, 5, 13, 18]
Frame 19 player tracker IDs: [8, 1, None, 10, 11, 7, 6, 83, 41, 55, 75, 77, 12, 3, 14, 15, 17, 5, 13, 18]
Frame 20 player tracker IDs: [8, 1, None, None, 11, 7, 6, 90, 41, 55, 88, 77, 12, 3, 14, 15, 17, 5, 13, 18]
Frame 21 player tracker IDs: [8, 1, None, None, 11, 7, 6, 92, 41, 55, 90, 77, 12, 3, 14, 15, 17, 5, 13, 18]
Frame 22 player tracker IDs: [8, 1, None, None, 11, 7, 6, 92, 41, 55, 90, 77, 12, 3, 14, 15, 17, 5, 13, 18]
Frame 23 player tracker IDs: [8, 1, None, None, 11, 7, 6, 92, 41, 55, 90, 77, 12, 3, 14, 15, 17, 5, 13, 18]
Frame 24 player tracker IDs: [8, 1, None, None, 11, 7, 6, 92, 41, 55, 90, 77, 12, 3, 14, 15, 17, 5, 13, 18]
Frame 25 player tracker IDs: [8, 1, None, None, 11, 7, 6, 92, 41, 55, 90, 77, None, None, 14, 15, 17, 5, 13, 18]
Frame 26 player tracker IDs: [8, 1, None, None, 11, 7, 6, 92, 41, 55, 90, 77, 116, 118, 14, 15, 17, 5, 13, 18]
Frame 27 player tracker IDs: [8, 1, None, None, 11, 7, 6, 92, 41, 55, 90, 77, 116, 118, 14, 15, 17, 5, 13, 18]
Frame 28 player tracker IDs: [8, 1, None, None, 11, 7, 6, 92, 41, 55, 90, 77, 116, 118, 14, 15, 17, 5, 13, 18]
Frame 29 player tracker IDs: [8, 1, None, 121, 11, 7, 6, 92, 41, 55, 90, 77, 116, 118, 14, 15, 17, 5, 13, 18]
Frame 30 player tracker IDs: [8, 1, None, 121, 11, 7, 6, 92, 41, 55, 90, 77, 116, 118, 14, 15, 17, 5, 13, 18]
Frame 31 player tracker IDs: [8, 1, None, 121, 11, 7, 6, 92, 41, 55, 90, 77, 116, 118, 14, 15, 17, 5, 13, 18]
Frame 32 player tracker IDs: [8, 1, None, 121, 11, 7, 6, 92, 41, 55, 90, 77, 116, 118, 14, 15, 17, 5, 13, 18]
Frame 33 player tracker IDs: [8, 1, None, 121, 11, 7, 6, 92, 41, 55, 90, 77, 116, 118, 14, 15, 17, 5, 13, 18]
Frame 34 player tracker IDs: [8, 1, 139, 121, 11, 7, 6, 92, 41, 55, 90, 77, 116, 118, 14, 15, 17, 5, 13, 18]
Frame 35 player tracker IDs: [8, 1, 139, 121, 11, 7, 6, 92, 41, 55, 90, 77, 116, 118, 14, 15, 17, 5, 13, 18]
Frame 36 player tracker IDs: [8, 1, 139, 121, 11, 7, 6, 92, 41, 55, 90, 77, 116, 118, 14, 15, 5, None, 13, 18]
Frame 37 player tracker IDs: [8, 1, 139, 121, 11, 7, 6, 92, 41, 55, 90, 77, 116, 118, 14, 15, 5, 150, 13, 18]
Frame 38 player tracker IDs: [8, 1, 139, 121, 11, 7, 6, 92, 41, 55, 90, 77, 116, 118, 14, 15, 5, 150, 13, 18]
Frame 39 player tracker IDs: [8, 1, 139, 121, 11, 7, 6, 92, 41, 55, 90, 77, 116, 118, 14, 15, 5, 150, 13, 18]
Frame 40 player tracker IDs: [8, 1, 139, 121, 11, 7, 6, 92, 41, 55, 90, 77, 116, 118, 14, 15, 5, 150, 13, 18]
Frame 41 player tracker IDs: [8, 1, 139, 121, 11, 7, 6, 92, 41, 55, 90, 77, 116, 118, 14, 15, 5, 150, 13, 18]
Frame 42 player tracker IDs: [8, 1, 139, 121, 11, 7, 6, 92, 41, 55, 90, 77, 116, 118, 14, 15, 5, 150, 13, 18]
Frame 43 player tracker IDs: [8, 1, 139, 121, 11, 7, 6, 92, 41, 55, 90, 77, 116, 118, 14, 15, 5, 150, 13, 18]
Frame 44 player tracker IDs: [172, 1, 139, 121, 11, 169, 6, 92, 41, 55, 90, 77, 116, 118, 14, 15, 5, 150, 13, 18]
Frame 45 player tracker IDs: [8, 1, 139, 121, 11, 169, 6, 92, 41, 55, 90, 77, 116, 118, 14, 15, 5, 150, 13, 18]
Frame 46 player tracker IDs: [8, 1, 139, 121, 11, 169, 6, 92, 41, 55, 90, 77, 116, 118, 14, 15, 5, 150, 13, 18]
Frame 47 player tracker IDs: [8, 1, 139, 121, 11, 169, 6, 92, 41, 55, 90, 77, 116, 118, 14, 15, 5, 150, 13, 18]
Frame 48 player tracker IDs: [169, 1, 139, 121, 11, 8, 6, 92, 41, 55, 90, 77, 116, 118, 14, 15, 5, 150, 13, 18]
Frame 49 player tracker IDs: [169, 1, 139, 121, 11, 8, 6, 92, 41, 55, 90, 77, 116, 118, 14, 15, 5, 150, 13, 18]